#c1 = 2.0, c2 = 2.0
#particles = 99
#step bestFitnessFunction
1 9838.101644097604
2 9838.101644097604
3 9838.101644097604
4 9838.101644097604
5 9838.101644097604
6 9838.101644097604
7 9838.101644097604
8 9838.101644097604
9 9838.101644097604
10 9838.101644097604
11 9838.101644097604
12 9838.101644097604
13 9838.101644097604
14 9838.101644097604
15 9838.101644097604
16 9838.101644097604
17 9838.101644097604
18 9838.101644097604
19 9838.101644097604
20 9838.101644097604
21 9838.101644097604
22 9838.101644097604
23 9838.101644097604
24 9838.101644097604
25 9838.101644097604
26 9838.101644097604
27 9838.101644097604
28 9838.101644097604
29 9838.101644097604
30 9838.101644097604
31 9838.101644097604
32 9838.101644097604
33 9838.101644097604
34 9838.101644097604
35 9838.101644097604
36 9838.101644097604
37 9838.101644097604
38 9838.101644097604
39 9838.101644097604
40 9838.101644097604
41 9838.101644097604
42 9838.101644097604
43 9838.101644097604
44 9838.101644097604
45 9838.101644097604
46 9838.101644097604
47 9838.101644097604
48 9838.101644097604
49 9838.101644097604
50 9838.101644097604
51 9838.101644097604
52 9838.101644097604
53 9838.101644097604
54 9838.101644097604
55 9838.101644097604
56 9838.101644097604
57 9838.101644097604
58 9838.101644097604
59 9838.101644097604
60 9838.101644097604
61 9838.101644097604
62 9838.101644097604
63 9838.101644097604
64 9781.191063965949
65 9781.191063965949
66 9781.191063965949
67 9781.191063965949
68 9781.191063965949
69 9781.191063965949
70 9781.191063965949
71 9781.191063965949
72 9781.191063965949
73 9781.191063965949
74 9781.191063965949
75 9781.191063965949
76 9781.191063965949
77 9781.191063965949
78 9781.191063965949
79 9781.191063965949
80 9781.191063965949
81 9781.191063965949
82 9781.191063965949
83 9781.191063965949
84 9781.191063965949
85 9781.191063965949
86 9781.191063965949
87 9781.191063965949
88 9781.191063965949
89 9781.191063965949
90 9781.191063965949
91 9781.191063965949
92 9778.889438867538
93 9778.889438867538
94 9778.889438867538
95 9778.889438867538
96 9778.889438867538
97 9778.889438867538
98 9778.889438867538
99 9778.889438867538
100 9778.889438867538
101 9778.889438867538
102 9778.889438867538
103 9778.889438867538
104 9778.889438867538
105 9778.889438867538
106 9778.889438867538
107 9778.889438867538
108 9778.889438867538
109 9778.889438867538
110 9778.889438867538
111 9778.889438867538
112 9778.889438867538
113 9778.889438867538
114 9778.889438867538
115 9778.889438867538
116 9778.889438867538
117 9778.889438867538
118 9778.889438867538
119 9778.889438867538
120 9778.889438867538
121 9778.889438867538
122 9778.889438867538
123 9778.889438867538
124 9778.889438867538
125 9778.889438867538
126 9778.889438867538
127 9778.889438867538
128 9778.889438867538
129 9778.889438867538
130 9778.889438867538
131 9778.889438867538
132 9778.889438867538
133 9778.889438867538
134 9778.889438867538
135 9778.889438867538
136 9778.889438867538
137 9778.889438867538
138 9750.891502663371
139 9750.891502663371
140 9750.891502663371
141 9750.891502663371
142 9750.891502663371
143 9750.891502663371
144 9750.891502663371
145 9750.891502663371
146 9750.891502663371
147 9750.891502663371
148 9750.891502663371
149 9750.891502663371
150 9750.891502663371
151 9750.891502663371
152 9750.891502663371
153 9750.891502663371
154 9750.891502663371
155 9750.891502663371
156 9750.891502663371
157 9750.891502663371
158 9750.891502663371
159 9750.891502663371
160 9750.891502663371
161 9750.891502663371
162 9750.891502663371
163 9750.891502663371
164 9750.891502663371
165 9750.891502663371
166 9750.891502663371
167 9750.891502663371
168 9750.891502663371
169 9750.891502663371
170 9750.891502663371
171 9750.891502663371
172 9750.891502663371
173 9750.891502663371
174 9750.891502663371
175 9750.891502663371
176 9750.891502663371
177 9750.891502663371
178 9750.891502663371
179 9750.891502663371
180 9750.891502663371
181 9750.891502663371
182 9750.891502663371
183 9750.891502663371
184 9750.891502663371
185 9750.891502663371
186 9750.891502663371
187 9750.891502663371
188 9750.891502663371
189 9750.891502663371
190 9750.891502663371
191 9750.891502663371
192 9750.891502663371
193 9750.891502663371
194 9750.891502663371
195 9750.891502663371
196 9750.891502663371
197 9750.891502663371
198 9750.891502663371
199 9750.891502663371
200 9750.891502663371
201 9750.891502663371
202 9750.891502663371
203 9750.891502663371
204 9750.891502663371
205 9750.891502663371
206 9750.891502663371
207 9750.891502663371
208 9750.891502663371
209 9750.891502663371
210 9750.891502663371
211 9750.891502663371
212 9750.891502663371
213 9750.891502663371
214 9750.891502663371
215 9750.891502663371
216 9750.891502663371
217 9750.891502663371
218 9750.891502663371
219 9750.891502663371
220 9750.891502663371
221 9750.891502663371
222 9750.891502663371
223 9750.891502663371
224 9750.891502663371
225 9750.891502663371
226 9750.891502663371
227 9750.891502663371
228 9750.891502663371
229 9750.891502663371
230 9750.891502663371
231 9750.891502663371
232 9750.891502663371
233 9750.891502663371
234 9750.891502663371
235 9750.891502663371
236 9750.891502663371
237 9750.891502663371
238 9750.891502663371
239 9750.891502663371
240 9750.891502663371
241 9750.891502663371
242 9750.891502663371
243 9750.891502663371
244 9750.891502663371
245 9750.891502663371
246 9750.891502663371
247 9750.891502663371
248 9750.891502663371
249 9750.891502663371
250 9750.891502663371
251 9750.891502663371
252 9750.891502663371
253 9750.891502663371
254 9750.891502663371
255 9750.891502663371
256 9750.891502663371
257 9750.891502663371
258 9750.891502663371
259 9750.891502663371
260 9750.891502663371
261 9750.891502663371
262 9750.891502663371
263 9750.891502663371
264 9750.891502663371
265 9750.891502663371
266 9750.891502663371
267 9750.891502663371
268 9750.891502663371
269 9750.891502663371
270 9750.891502663371
271 9750.891502663371
272 9750.891502663371
273 9750.891502663371
274 9750.891502663371
275 9750.891502663371
276 9750.891502663371
277 9750.891502663371
278 9750.891502663371
279 9750.891502663371
280 9750.891502663371
281 9750.891502663371
282 9750.891502663371
283 9750.891502663371
284 9750.891502663371
285 9750.891502663371
286 9750.891502663371
287 9750.891502663371
288 9750.891502663371
289 9750.891502663371
290 9750.891502663371
291 9750.891502663371
292 9750.891502663371
293 9750.891502663371
294 9750.891502663371
295 9750.891502663371
296 9750.891502663371
297 9750.891502663371
298 9750.891502663371
299 9750.891502663371
300 9750.891502663371
301 9750.891502663371
302 9750.891502663371
303 9750.891502663371
304 9750.891502663371
305 9750.891502663371
306 9750.891502663371
307 9750.891502663371
308 9750.891502663371
309 9750.891502663371
310 9750.891502663371
311 9750.891502663371
312 9750.891502663371
313 9750.891502663371
314 9750.891502663371
315 9750.891502663371
316 9750.891502663371
317 9750.891502663371
318 9750.891502663371
319 9750.891502663371
320 9750.891502663371
321 9750.891502663371
322 9750.891502663371
323 9750.891502663371
324 9750.891502663371
325 9750.891502663371
326 9750.891502663371
327 9750.891502663371
328 9750.891502663371
329 9750.891502663371
330 9750.891502663371
331 9750.891502663371
332 9750.891502663371
333 9750.891502663371
334 9750.891502663371
335 9750.891502663371
336 9750.891502663371
337 9750.891502663371
338 9750.891502663371
339 9750.891502663371
340 9750.891502663371
341 9750.891502663371
342 9750.891502663371
343 9750.891502663371
344 9750.891502663371
345 9750.891502663371
346 9750.891502663371
347 9750.891502663371
348 9750.891502663371
349 9750.891502663371
350 9750.891502663371
351 9750.891502663371
352 9750.891502663371
353 9750.891502663371
354 9750.891502663371
355 9750.891502663371
356 9750.891502663371
357 9750.891502663371
358 9750.891502663371
359 9750.891502663371
360 9750.891502663371
361 9750.891502663371
362 9750.891502663371
363 9750.891502663371
364 9750.891502663371
365 9750.891502663371
366 9750.891502663371
367 9750.891502663371
368 9750.891502663371
369 9750.891502663371
370 9750.891502663371
371 9750.891502663371
372 9750.891502663371
373 9750.891502663371
374 9750.891502663371
375 9750.891502663371
376 9750.891502663371
377 9750.891502663371
378 9750.891502663371
379 9750.891502663371
380 9750.891502663371
381 9750.891502663371
382 9750.891502663371
383 9750.891502663371
384 9750.891502663371
385 9750.891502663371
386 9750.891502663371
387 9750.891502663371
388 9750.891502663371
389 9750.891502663371
390 9750.891502663371
391 9750.891502663371
392 9750.891502663371
393 9750.891502663371
394 9750.891502663371
395 9750.891502663371
396 9750.891502663371
397 9750.891502663371
398 9750.891502663371
399 9750.891502663371
400 9750.891502663371
401 9750.891502663371
402 9750.891502663371
403 9750.891502663371
404 9750.891502663371
405 9750.891502663371
406 9750.891502663371
407 9750.891502663371
408 9750.891502663371
409 9750.891502663371
410 9750.891502663371
411 9750.891502663371
412 9750.891502663371
413 9750.891502663371
414 9750.891502663371
415 9750.891502663371
416 9750.891502663371
417 9750.891502663371
418 9750.891502663371
419 9750.891502663371
420 9750.891502663371
421 9750.891502663371
422 9750.891502663371
423 9750.891502663371
424 9750.891502663371
425 9750.891502663371
426 9750.891502663371
427 9750.891502663371
428 9750.891502663371
429 9750.891502663371
430 9750.891502663371
431 9750.891502663371
432 9750.891502663371
433 9750.891502663371
434 9750.891502663371
435 9750.891502663371
436 9750.891502663371
437 9750.891502663371
438 9750.891502663371
439 9750.891502663371
440 9750.891502663371
441 9750.891502663371
442 9750.891502663371
443 9729.443232233487
444 9729.443232233487
445 9729.443232233487
446 9729.443232233487
447 9729.443232233487
448 9729.443232233487
449 9729.443232233487
450 9729.443232233487
451 9729.443232233487
452 9729.443232233487
453 9729.443232233487
454 9729.443232233487
455 9729.443232233487
456 9729.443232233487
457 9729.443232233487
458 9729.443232233487
459 9729.443232233487
460 9729.443232233487
461 9729.443232233487
462 9729.443232233487
463 9729.443232233487
464 9729.443232233487
465 9729.443232233487
466 9729.443232233487
467 9729.443232233487
468 9729.443232233487
469 9729.443232233487
470 9729.443232233487
471 9729.443232233487
472 9729.443232233487
473 9729.443232233487
474 9729.443232233487
475 9729.443232233487
476 9729.443232233487
477 9729.443232233487
478 9729.443232233487
479 9729.443232233487
480 9729.443232233487
481 9729.443232233487
482 9729.443232233487
483 9729.443232233487
484 9729.443232233487
485 9729.443232233487
486 9729.443232233487
487 9729.443232233487
488 9729.443232233487
489 9729.443232233487
490 9729.443232233487
491 9729.443232233487
492 9729.443232233487
493 9729.443232233487
494 9729.443232233487
495 9729.443232233487
496 9729.443232233487
497 9729.443232233487
498 9729.443232233487
499 9729.443232233487
500 9729.443232233487
#Solution not found
